200 
195 
196 
193 
202 
197 
192 
197 
198 
196 
192 
196 
192 
191 
190 
194 
192 
201 
191 
192 
190 
192 
191 
197 
196 
194 
193 
193 
193 
190 
197 
197 
188 
194 
191 
196 
191 
191 
194 
195 
194 
191 
190 
190 
194 
190 
193 
189 
193 
191 
191 
190 
187 
194 
192 
188 
189 
194 
190 
194 
192 
193 
193 
192 
191 
191 
191 
188 
189 
193 
193 
190 
194 
190 
194 
189 
190 
190 
190 
189 
195 
188 
190 
189 
194 
191 
191 
194 
192 
194 
191 
196 
192 
194 
189 
191 
190 
189 
195 
190 
189 
